              precision    recall  f1-score   support

           0       0.98      0.95      0.96       980
           1       0.96      0.95      0.95      1135
           2       0.93      0.88      0.90      1032
           3       0.91      0.92      0.92      1010
           4       0.97      0.97      0.97       982
           5       0.92      0.86      0.89       892
           6       0.99      0.96      0.97       958
           7       0.96      0.92      0.94      1028
           8       0.80      0.92      0.86       974
           9       0.89      0.94      0.92      1009

    accuracy                           0.93     10000
   macro avg       0.93      0.93      0.93     10000
weighted avg       0.93      0.93      0.93     10000
 

Analytically, Accuracy: 0.9284, weighted_avg_f1: 0.928881385350951
