              precision    recall  f1-score   support

           0       0.98      0.99      0.99       980
           1       0.98      0.99      0.98      1135
           2       0.97      0.98      0.98      1032
           3       0.98      0.98      0.98      1010
           4       0.99      0.98      0.98       982
           5       0.99      0.97      0.98       892
           6       0.99      0.98      0.98       958
           7       1.00      0.98      0.99      1028
           8       0.97      0.97      0.97       974
           9       0.98      0.97      0.98      1009

    accuracy                           0.98     10000
   macro avg       0.98      0.98      0.98     10000
weighted avg       0.98      0.98      0.98     10000
 

Analytically, Accuracy: 0.9809, weighted_avg_f1: 0.9808992330570352
