              precision    recall  f1-score   support

           0       0.98      0.99      0.99       980
           1       0.97      0.99      0.98      1135
           2       0.98      0.97      0.98      1032
           3       0.99      0.97      0.98      1010
           4       0.99      0.97      0.98       982
           5       0.98      0.97      0.97       892
           6       0.98      0.98      0.98       958
           7       1.00      0.96      0.98      1028
           8       0.94      0.97      0.96       974
           9       0.95      0.97      0.96      1009

    accuracy                           0.98     10000
   macro avg       0.98      0.97      0.98     10000
weighted avg       0.98      0.98      0.98     10000
 

Analytically, Accuracy: 0.9752, weighted_avg_f1: 0.9752488102844465
